Matrix;Retrosplenial area (L);Retrosplenial area (R);Visual areas (L);Visual areas (R);Posterior parietal association areas (L);Posterior parietal association areas (R);Auditory areas (L);Auditory areas (R);Temporal association areas (L);Temporal association areas (R);Entorhinal area (L);Entorhinal area (R);Olfactory areas (L);Olfactory areas (R);Dentate gyrus (L);Dentate gyrus (R);Subiculum (L);Subiculum (R);Dorsal hippocampus (L);Dorsal hippocampus (R);Ventral hippocampus (L);Ventral hippocampus (R);Substantia nigra, reticular part (L);Substantia nigra, reticular part (R);Substantia nigra, compact part (L);Substantia nigra, compact part (R)
Retrosplenial area (L);1;0.695401658123791;0.834969991104725;0.233052784731753;;;0.459619941118219;0.427797320947432;0.483810974543005;0.19917622742613;0.358001726293392;0.384022573632217;0.0773835969899083;0.142905580375348;0.845528983020696;0.782207444834946;0.797849488056663;0.822375626769326;;;;;0.379152827104398;0.216374090012756;0.074395439967868;0.233603472346828
Retrosplenial area (R);0.695401658123791;0.999999999999999;0.753810829454779;0.705552166052704;;;0.358442710520895;0.339416352457236;0.556147377283735;0.20321295057195;0.297648994063549;0.398892910123716;0.236922887814957;0.0393260873310878;0.669535209207145;0.642424607414102;0.657890906272031;0.856191850938505;;;;;0.478420317471751;0.318775603701114;-0.000786719664471627;0.138865099215894
Visual areas (L);0.834969991104725;0.753810829454779;1;0.22085090144368;;;0.456333146771541;0.442477390137097;0.527055337779566;0.256196155876952;0.384788506659935;0.368616361105825;0.0858255745374021;0.0992942934247188;0.88584713928897;0.812334473981338;0.825234746098569;0.871350185091509;;;;;0.320039997656688;0.318344543887109;0.00631684118927769;0.2389180347367
Visual areas (R);0.233052784731753;0.705552166052704;0.22085090144368;0.999999999999999;;;0.182307088896535;0.13425004527585;0.344113903939206;0.0782910559737124;0.10150829393883;0.352860842334462;0.138430679647704;0.0105086761515607;0.155414282553931;0.19673569536057;0.132321511889119;0.363116445801698;;;;;0.475084902991859;0.276192062424997;0.0483587161876574;-0.0499705713532969
Posterior parietal association areas (L);;;;;;;;;;;;;;;;;;;;;;;;;;
Posterior parietal association areas (R);;;;;;;;;;;;;;;;;;;;;;;;;;
Auditory areas (L);0.459619941118219;0.358442710520895;0.456333146771541;0.182307088896535;;;1;0.348914627551433;0.546936167200416;0.148291258654096;0.377277427024443;0.313587278734297;-0.0158163125099753;0.171704894013184;0.486953739340028;0.473377441001793;0.379747596184054;0.434226575897127;;;;;0.34466085311274;0.282327937984303;-0.125875771920288;0.205354455983659
Auditory areas (R);0.427797320947432;0.339416352457236;0.442477390137097;0.13425004527585;;;0.348914627551433;1;0.407418399833661;0.18124115447787;0.248302601178859;0.0537397285918693;0.0954333238088149;0.0581162197884664;0.481408559187848;0.468181449511523;0.39691757967491;0.421440488426115;;;;;-0.0089153725515943;0.00298063266340288;-0.0490595217343803;0.0137780466842292
Temporal association areas (L);0.483810974543005;0.556147377283735;0.527055337779566;0.344113903939206;;;0.546936167200416;0.407418399833661;1;0.147388061405201;0.294161583994656;0.407561998247581;0.210324057951621;-0.0846206570267354;0.541910338341086;0.517487470578301;0.37572126299415;0.544382309724493;;;;;0.343220770108491;0.256297886758691;0.114038461068247;0.0778083215213862
Temporal association areas (R);0.19917622742613;0.20321295057195;0.256196155876952;0.0782910559737124;;;0.148291258654096;0.18124115447787;0.147388061405201;1;0.0166758130093159;0.131982423778878;0.0402565449151907;0.0428265573336962;0.268278837879807;0.337592921923457;0.205958832012559;0.188807926844482;;;;;0.169232414337517;0.197287981658176;0.0271490697437527;0.0707831967122052
Entorhinal area (L);0.358001726293392;0.297648994063549;0.384788506659935;0.10150829393883;;;0.377277427024443;0.248302601178859;0.294161583994656;0.0166758130093159;1;0.154837627102058;-0.0576874260952008;0.145329351623116;0.44981149450475;0.404161684969631;0.371631496963684;0.427752997295065;;;;;0.351934186857466;0.0981791860026811;-0.0108907620240269;0.164227169837976
Entorhinal area (R);0.384022573632217;0.398892910123716;0.368616361105825;0.352860842334462;;;0.313587278734297;0.0537397285918693;0.407561998247581;0.131982423778878;0.154837627102058;1;0.0694005333618596;0.0824819807252904;0.399627928242806;0.373705177858515;0.276628312130142;0.390206413580205;;;;;0.455588126603946;0.428760178009196;0.0732116712164108;0.121556870259081
Olfactory areas (L);0.0773835969899083;0.236922887814957;0.0858255745374021;0.138430679647704;;;-0.0158163125099753;0.0954333238088149;0.210324057951621;0.0402565449151907;-0.0576874260952008;0.0694005333618596;1;0.130684166698269;0.184880904446723;0.19337461051843;-0.00693128236926585;0.123092838431813;;;;;0.110179743192711;0.313128848164317;0.127045872185863;0.159652043261324
Olfactory areas (R);0.142905580375348;0.0393260873310878;0.0992942934247188;0.0105086761515607;;;0.171704894013184;0.0581162197884664;-0.0846206570267354;0.0428265573336962;0.145329351623116;0.0824819807252904;0.130684166698269;1;0.138682540451388;0.104377410110002;0.0470200896894844;0.0700404840790471;;;;;0.172678836172516;0.170587524546956;0.0234489550931433;0.0319347529233209
Dentate gyrus (L);0.845528983020696;0.669535209207145;0.88584713928897;0.155414282553931;;;0.486953739340028;0.481408559187848;0.541910338341086;0.268278837879807;0.44981149450475;0.399627928242806;0.184880904446723;0.138682540451388;1;0.914395790327636;0.805943220020459;0.833865175686264;;;;;0.384987032693152;0.361235698071305;0.114703914915698;0.283441963992864
Dentate gyrus (R);0.782207444834946;0.642424607414102;0.812334473981338;0.19673569536057;;;0.473377441001793;0.468181449511523;0.517487470578301;0.337592921923457;0.404161684969631;0.373705177858515;0.19337461051843;0.104377410110002;0.914395790327636;1;0.699039736143622;0.780979528288436;;;;;0.401412487399404;0.418376353776862;0.141438107907476;0.251603544454625
Subiculum (L);0.797849488056663;0.657890906272031;0.825234746098569;0.132321511889119;;;0.379747596184054;0.39691757967491;0.37572126299415;0.205958832012559;0.371631496963684;0.276628312130142;-0.00693128236926585;0.0470200896894844;0.805943220020459;0.699039736143622;1;0.812652836332532;;;;;0.203425505943694;0.145706896723984;-0.0576857016198975;0.258458739226417
Subiculum (R);0.822375626769326;0.856191850938505;0.871350185091509;0.363116445801698;;;0.434226575897127;0.421440488426115;0.544382309724493;0.188807926844482;0.427752997295065;0.390206413580205;0.123092838431813;0.0700404840790471;0.833865175686264;0.780979528288436;0.812652836332532;1;;;;;0.399107820690776;0.280562598205378;-0.00943016838411589;0.274757581240006
Dorsal hippocampus (L);;;;;;;;;;;;;;;;;;;;;;;;;;
Dorsal hippocampus (R);;;;;;;;;;;;;;;;;;;;;;;;;;
Ventral hippocampus (L);;;;;;;;;;;;;;;;;;;;;;;;;;
Ventral hippocampus (R);;;;;;;;;;;;;;;;;;;;;;;;;;
Substantia nigra, reticular part (L);0.379152827104398;0.478420317471751;0.320039997656688;0.475084902991859;;;0.34466085311274;-0.0089153725515943;0.343220770108491;0.169232414337517;0.351934186857466;0.455588126603946;0.110179743192711;0.172678836172516;0.384987032693152;0.401412487399404;0.203425505943694;0.399107820690776;;;;;1;0.369900620284261;0.15179658359575;0.123724888330871
Substantia nigra, reticular part (R);0.216374090012756;0.318775603701114;0.318344543887109;0.276192062424997;;;0.282327937984303;0.00298063266340288;0.256297886758691;0.197287981658176;0.0981791860026811;0.428760178009196;0.313128848164317;0.170587524546956;0.361235698071305;0.418376353776862;0.145706896723984;0.280562598205378;;;;;0.369900620284261;1;0.131784751559154;0.11659163402871
Substantia nigra, compact part (L);0.074395439967868;-0.000786719664471627;0.00631684118927769;0.0483587161876574;;;-0.125875771920288;-0.0490595217343803;0.114038461068247;0.0271490697437527;-0.0108907620240269;0.0732116712164108;0.127045872185863;0.0234489550931433;0.114703914915698;0.141438107907476;-0.0576857016198975;-0.00943016838411589;;;;;0.15179658359575;0.131784751559154;1;0.112781138871333
Substantia nigra, compact part (R);0.233603472346828;0.138865099215894;0.2389180347367;-0.0499705713532969;;;0.205354455983659;0.0137780466842292;0.0778083215213862;0.0707831967122052;0.164227169837976;0.121556870259081;0.159652043261324;0.0319347529233209;0.283441963992864;0.251603544454625;0.258458739226417;0.274757581240006;;;;;0.123724888330871;0.11659163402871;0.112781138871333;1
