Matrix;Retrosplenial area (L);Retrosplenial area (R);Visual areas (L);Visual areas (R);Posterior parietal association areas (L);Posterior parietal association areas (R);Auditory areas (L);Auditory areas (R);Temporal association areas (L);Temporal association areas (R);Entorhinal area (L);Entorhinal area (R);Olfactory areas (L);Olfactory areas (R);Dentate gyrus (L);Dentate gyrus (R);Subiculum (L);Subiculum (R);Dorsal hippocampus (L);Dorsal hippocampus (R);Ventral hippocampus (L);Ventral hippocampus (R);Substantia nigra, reticular part (L);Substantia nigra, reticular part (R);Substantia nigra, compact part (L);Substantia nigra, compact part (R)
Retrosplenial area (L);1;0.723200297206409;0.789988882151202;0.782319266729121;;;0.778189092275625;0.730837322608418;0.718653874492147;0.550746932022619;0.357143348097186;0.401624556739445;0.305259129504535;0.310659491418753;0.645779006273207;0.627242170584599;0.690048396748491;0.558126584173499;0.741125430846048;0.770600293211217;0.514638207104785;0.448068454335037;0.336745840288554;0.497929224980758;0.186690977715655;0.348730071548717
Retrosplenial area (R);0.723200297206409;1;0.471973801470857;0.861382179930174;;;0.722814280407445;0.614347683956638;0.687400491806582;0.548385913137998;0.419690793686891;0.490134675293042;0.174708063639402;0.39143752172164;0.534120844025688;0.57445264628812;0.680736796647405;0.543586341059834;0.587503793806997;0.69397308226287;0.476474795649977;0.463388306569469;0.267929447536706;0.587033410537794;0.16570347918552;0.31527347954859
Visual areas (L);0.789988882151202;0.471973801470857;1;0.521028238469753;;;0.568414047206973;0.586138284479083;0.545295731967072;0.441453566393097;0.228154155795838;0.218474994455027;0.155415929414506;0.297041227433609;0.408273279365023;0.427635789246621;0.48587823857933;0.422524450384569;0.51469045440745;0.534912928001801;0.276569379064977;0.210052248488249;0.284074665387128;0.34454843927112;0.256707864346971;0.284208342776713
Visual areas (R);0.782319266729121;0.861382179930174;0.521028238469753;1;;;0.788359813752818;0.684554950689271;0.734881522979121;0.601045248269665;0.344500807776619;0.497951021307771;0.211091909510959;0.379142045743368;0.546882790834163;0.565811676580395;0.676078759837753;0.53429141638005;0.666075273533279;0.682226840615842;0.52487966671785;0.446484002969001;0.16589523351915;0.573407934655766;0.135287650082214;0.297258399320442
Posterior parietal association areas (L);;;;;;;;;;;;;;;;;;;;;;;;;;
Posterior parietal association areas (R);;;;;;;;;;;;;;;;;;;;;;;;;;
Auditory areas (L);0.778189092275625;0.722814280407445;0.568414047206973;0.788359813752818;;;1;0.729277295207138;0.753739907351281;0.661452909901993;0.439974660839177;0.513808097557671;0.359435968249198;0.324050358164775;0.682829601695699;0.680280061922513;0.743871111813486;0.609890529070906;0.752080909404257;0.768545978905398;0.568361732431864;0.500326573757618;0.238358424714733;0.524624453278184;0.118329843289015;0.359275148826023
Auditory areas (R);0.730837322608418;0.614347683956638;0.586138284479083;0.684554950689271;;;0.729277295207138;1;0.727285713157483;0.683024161003741;0.283044894330618;0.367009424991229;0.352071085312749;0.354282868503491;0.506930809059429;0.520157437086841;0.612264898262138;0.46351904150085;0.611024797078563;0.680686283476261;0.402513660221842;0.386840791919712;0.202987322898876;0.527675148352624;0.0779812424285817;0.308734093350906
Temporal association areas (L);0.718653874492147;0.687400491806582;0.545295731967072;0.734881522979121;;;0.753739907351281;0.727285713157483;1;0.609787191038259;0.362735186624113;0.353411982630894;0.202377855247765;0.349294206662352;0.571616754658193;0.523214443675627;0.611358093008195;0.51266424361509;0.628984706810969;0.662617610787157;0.486086620135915;0.376211006753228;0.211875569206881;0.459156260702424;0.0490127998814961;0.271513539701674
Temporal association areas (R);0.550746932022619;0.548385913137998;0.441453566393097;0.601045248269665;;;0.661452909901993;0.683024161003741;0.609787191038259;1;0.241608581894821;0.293227745974021;0.149770585229782;0.291157610993328;0.41369095593;0.410404054741947;0.513135169878457;0.381280943476653;0.42791927775999;0.620862868221103;0.342920755152203;0.254967215246105;0.0866970017202749;0.526834398196194;0.0809589661098785;0.239545199953912
Entorhinal area (L);0.357143348097186;0.419690793686891;0.228154155795838;0.344500807776619;;;0.439974660839177;0.283044894330618;0.362735186624113;0.241608581894821;1;0.516869155944758;0.547295672058294;0.394859463355882;0.671923351086995;0.652099514231056;0.547514071938038;0.569612198445835;0.632562184696387;0.528823646240381;0.607511434588342;0.56992784260869;0.331907634391737;0.294312678204773;0.0405906927257784;0.322652384567623
Entorhinal area (R);0.401624556739445;0.490134675293042;0.218474994455027;0.497951021307771;;;0.513808097557671;0.367009424991229;0.353411982630894;0.293227745974021;0.516869155944758;1;0.449737003199089;0.473747395328916;0.612859033438516;0.657020551385931;0.542389580738621;0.543248794504551;0.633642986953701;0.466017294525058;0.590752860501175;0.479147702177584;0.128999684295356;0.311613007639699;0.0377960001499011;0.330591967273339
Olfactory areas (L);0.305259129504535;0.174708063639402;0.155415929414506;0.211091909510959;;;0.359435968249198;0.352071085312749;0.202377855247765;0.149770585229782;0.547295672058294;0.449737003199089;1;0.244506006405004;0.539142284394374;0.549635665964548;0.352889714976599;0.471247759865706;0.561912642312048;0.399225471724456;0.514778463301105;0.482584452143533;0.323076498692391;0.291587627036522;-0.00644753177940597;0.280377566243901
Olfactory areas (R);0.310659491418753;0.39143752172164;0.297041227433609;0.379142045743368;;;0.324050358164775;0.354282868503491;0.349294206662352;0.291157610993328;0.394859463355882;0.473747395328916;0.244506006405004;0.999999999999999;0.312986216822193;0.393155823583122;0.436459070440492;0.389412198732283;0.413495084109626;0.355374436038856;0.403364532996404;0.223119693884435;-0.0812108774036756;0.357283753213436;-0.0360027035223215;0.0629541542926211
Dentate gyrus (L);0.645779006273207;0.534120844025688;0.408273279365023;0.546882790834163;;;0.682829601695699;0.506930809059429;0.571616754658193;0.41369095593;0.671923351086995;0.612859033438516;0.539142284394374;0.312986216822193;1;0.825351318852223;0.717018327952292;0.734647883973161;0.792909094021923;0.708828793759969;0.756724258338639;0.601491616527894;0.388663653048198;0.400687538085818;0.0338681205988563;0.371269505060645
Dentate gyrus (R);0.627242170584599;0.57445264628812;0.427635789246621;0.565811676580395;;;0.680280061922513;0.520157437086841;0.523214443675627;0.410404054741947;0.652099514231056;0.657020551385931;0.549635665964548;0.393155823583122;0.825351318852223;1;0.701522833203725;0.733986465824133;0.802898330263147;0.716337737423397;0.710870700741297;0.663362455908889;0.305558859907248;0.411852695764127;0.0154537348050403;0.389103328651242
Subiculum (L);0.690048396748491;0.680736796647405;0.48587823857933;0.676078759837753;;;0.743871111813486;0.612264898262138;0.611358093008195;0.513135169878457;0.547514071938038;0.542389580738621;0.352889714976599;0.436459070440492;0.717018327952292;0.701522833203725;1;0.6482386596636;0.744912471602101;0.76898443335611;0.63381973421466;0.505864965293577;0.209930151209444;0.506708902921748;0.047736309979982;0.384938781854985
Subiculum (R);0.558126584173499;0.543586341059834;0.422524450384569;0.53429141638005;;;0.609890529070906;0.46351904150085;0.51266424361509;0.381280943476653;0.569612198445835;0.543248794504551;0.471247759865706;0.389412198732283;0.734647883973161;0.733986465824133;0.6482386596636;1;0.738483680801935;0.664024619079367;0.708139815178669;0.528867529947996;0.231989358380562;0.382877155880986;0.0118378766897803;0.3385306760346
Dorsal hippocampus (L);0.741125430846048;0.587503793806997;0.51469045440745;0.666075273533279;;;0.752080909404257;0.611024797078563;0.628984706810969;0.42791927775999;0.632562184696387;0.633642986953701;0.561912642312048;0.413495084109626;0.792909094021923;0.802898330263147;0.744912471602101;0.738483680801935;1;0.748906372871137;0.691133063774556;0.581543501084449;0.324945117871822;0.444462640208338;0.0324086177490851;0.437797063702332
Dorsal hippocampus (R);0.770600293211217;0.69397308226287;0.534912928001801;0.682226840615842;;;0.768545978905398;0.680686283476261;0.662617610787157;0.620862868221103;0.528823646240381;0.466017294525058;0.399225471724456;0.355374436038856;0.708828793759969;0.716337737423397;0.76898443335611;0.664024619079367;0.748906372871137;1;0.619305401916933;0.536774051994559;0.290546353370688;0.495247141218815;0.0123364482538948;0.355385384600441
Ventral hippocampus (L);0.514638207104785;0.476474795649977;0.276569379064977;0.52487966671785;;;0.568361732431864;0.402513660221842;0.486086620135915;0.342920755152203;0.607511434588342;0.590752860501175;0.514778463301105;0.403364532996404;0.756724258338639;0.710870700741297;0.63381973421466;0.708139815178669;0.691133063774556;0.619305401916933;1;0.571960015804316;0.194041657647232;0.311472550461395;-0.133123157820708;0.238050925860258
Ventral hippocampus (R);0.448068454335037;0.463388306569469;0.210052248488249;0.446484002969001;;;0.500326573757618;0.386840791919712;0.376211006753228;0.254967215246105;0.56992784260869;0.479147702177584;0.482584452143533;0.223119693884435;0.601491616527894;0.663362455908889;0.505864965293577;0.528867529947996;0.581543501084449;0.536774051994559;0.571960015804316;1;0.230391519114897;0.379980126755211;0.100396256964514;0.374688536193162
Substantia nigra, reticular part (L);0.336745840288554;0.267929447536706;0.284074665387128;0.16589523351915;;;0.238358424714733;0.202987322898876;0.211875569206881;0.0866970017202749;0.331907634391737;0.128999684295356;0.323076498692391;-0.0812108774036756;0.388663653048198;0.305558859907248;0.209930151209444;0.231989358380562;0.324945117871822;0.290546353370688;0.194041657647232;0.230391519114897;1;0.165046188185229;0.246505433977023;0.172849656168057
Substantia nigra, reticular part (R);0.497929224980758;0.587033410537794;0.34454843927112;0.573407934655766;;;0.524624453278184;0.527675148352624;0.459156260702424;0.526834398196194;0.294312678204773;0.311613007639699;0.291587627036522;0.357283753213436;0.400687538085818;0.411852695764127;0.506708902921748;0.382877155880986;0.444462640208338;0.495247141218815;0.311472550461395;0.379980126755211;0.165046188185229;1;0.157227353480527;0.233765355132011
Substantia nigra, compact part (L);0.186690977715655;0.16570347918552;0.256707864346971;0.135287650082214;;;0.118329843289015;0.0779812424285817;0.0490127998814961;0.0809589661098785;0.0405906927257784;0.0377960001499011;-0.00644753177940597;-0.0360027035223215;0.0338681205988563;0.0154537348050403;0.047736309979982;0.0118378766897803;0.0324086177490851;0.0123364482538948;-0.133123157820708;0.100396256964514;0.246505433977023;0.157227353480527;1;0.125556039200288
Substantia nigra, compact part (R);0.348730071548717;0.31527347954859;0.284208342776713;0.297258399320442;;;0.359275148826023;0.308734093350906;0.271513539701674;0.239545199953912;0.322652384567623;0.330591967273339;0.280377566243901;0.0629541542926211;0.371269505060645;0.389103328651242;0.384938781854985;0.3385306760346;0.437797063702332;0.355385384600441;0.238050925860258;0.374688536193162;0.172849656168057;0.233765355132011;0.125556039200288;1
