Matrix;Retrosplenial area (L);Retrosplenial area (R);Visual areas (L);Visual areas (R);Posterior parietal association areas (L);Posterior parietal association areas (R);Auditory areas (L);Auditory areas (R);Temporal association areas (L);Temporal association areas (R);Entorhinal area (L);Entorhinal area (R);Olfactory areas (L);Olfactory areas (R);Dentate gyrus (L);Dentate gyrus (R);Subiculum (L);Subiculum (R);Dorsal hippocampus (L);Dorsal hippocampus (R);Ventral hippocampus (L);Ventral hippocampus (R);Substantia nigra, reticular part (L);Substantia nigra, reticular part (R);Substantia nigra, compact part (L);Substantia nigra, compact part (R)
Retrosplenial area (L);1;0.713726644424725;0.577982571816394;0.470885384098584;;;0.378306729751839;0.635916315489062;-0.0298933971004488;0.162880420243704;0.127853140212412;0.453903598312316;0.264542790470867;0.430149362818321;0.219694241374414;0.303756254054214;0.253919522181044;0.535134833089634;0.395388355344687;0.782965450258957;0.0194893312803843;0.0016771239314807;-0.0251164148886889;-0.0131520005553516;0.0587903988195946;0.0305665644163591
Retrosplenial area (R);0.713726644424725;1;0.497283121341628;0.50842341752155;;;0.527657723578313;0.513273763125072;-0.0199064230113902;0.0616718741795773;0.112167012259746;0.29810818830724;0.258151013076886;0.348188258617171;0.221271852410357;0.334071408684942;0.173065234555926;0.328556698268435;0.304027576260978;0.569199909377866;0.0747909104829621;0.0343620229660216;0.0817223193245308;0.156796062210392;0.15771935869975;0.145671846440101
Visual areas (L);0.577982571816394;0.497283121341628;0.999999999999999;0.870100293861028;;;0.298735640965479;0.825368505680613;-0.0904284463065714;-0.062113236689818;-0.164218196641215;0.0311202943974908;-0.251986310473509;0.00665086091486785;-0.387480566019932;-0.158158787658811;-0.385892886473355;-0.0462031750581057;-0.174179783439875;0.52315448530812;-0.425148429528693;-0.290519283260851;-0.32603777769828;-0.215973240590138;-0.317261214531714;-0.292515757236365
Visual areas (R);0.470885384098584;0.50842341752155;0.870100293861028;1;;;0.297405674399222;0.659050368896045;-0.0585925633585319;-0.0998703464701268;-0.254787353560195;-0.0506068536114278;-0.302529972366241;-0.110848781632108;-0.391232645475071;-0.220177349754489;-0.436666775249186;-0.221762522600399;-0.232796898628001;0.333514870203994;-0.371528938664136;-0.41298494214945;-0.290115604650498;-0.179611870120676;-0.308193334795704;-0.272743678110946
Posterior parietal association areas (L);;;;;;;;;;;;;;;;;;;;;;;;;;
Posterior parietal association areas (R);;;;;;;;;;;;;;;;;;;;;;;;;;
Auditory areas (L);0.378306729751839;0.527657723578313;0.298735640965479;0.297405674399222;;;1;0.242896650658669;-0.0657673946176772;0.1338779671513;0.065199952795447;0.122929827009069;0.16616010293679;0.168016596650927;0.131164479544772;0.257393853877954;0.17605597468313;0.156087748327715;0.208117636618039;0.339165061817332;0.072753429626238;0.0917960776542056;0.097018921613806;0.0979871124029331;0.103714541833593;0.113986521245735
Auditory areas (R);0.635916315489062;0.513273763125072;0.825368505680613;0.659050368896045;;;0.242896650658669;1;-0.135064998657313;0.00363666396500498;-0.123301677726369;0.171014327945079;-0.152781807571836;0.0407808276218567;-0.286526756022108;-0.0735601511537497;-0.282762273024689;0.134065297604495;-0.118782593343349;0.621267145551076;-0.438846080637952;-0.317008886515123;-0.405275574525194;-0.239941592957964;-0.262723263962892;-0.25455969727007
Temporal association areas (L);-0.0298933971004488;-0.0199064230113902;-0.0904284463065714;-0.0585925633585319;;;-0.0657673946176772;-0.135064998657313;1;-0.0111325540324539;0.022255553625559;0.0173988413384171;-0.0808623929780028;0.0740769537691097;0.0224303889826281;0.0650727117470008;0.0337827734767555;-0.0374564410169989;0.0498461817925283;0.000502767564637375;0.129982568318366;0.0927204488910122;0.0985930502206412;0.173485694310731;-0.0380491293897916;0.184948214031529
Temporal association areas (R);0.162880420243704;0.0616718741795773;-0.062113236689818;-0.0998703464701268;;;0.1338779671513;0.00363666396500498;-0.0111325540324539;1;0.110438352920523;0.179764589903984;0.102192005492517;0.196399918524812;0.214511811663262;0.214314992326286;0.210664467824335;0.364469746568183;0.130872036200269;0.209233242902258;0.0973643412878445;0.176813178156238;0.0655014496464651;0.0887779271892585;0.0870233901639592;0.13145019032885
Entorhinal area (L);0.127853140212412;0.112167012259746;-0.164218196641215;-0.254787353560195;;;0.065199952795447;-0.123301677726369;0.022255553625559;0.110438352920523;1;0.33457900220412;0.297421213775205;0.304978264447368;0.314036854402523;0.254774206055215;0.300507057014737;0.290011600523794;0.317587006624523;0.161769614976954;0.31833103544462;0.235315568215726;0.200385880941948;0.244571567941283;0.15212372429331;0.403217472680525
Entorhinal area (R);0.453903598312316;0.29810818830724;0.0311202943974908;-0.0506068536114278;;;0.122929827009069;0.171014327945079;0.0173988413384171;0.179764589903984;0.33457900220412;1;0.567763410206103;0.738606111048641;0.437540359835562;0.525033171732999;0.436266110830535;0.639268414054785;0.425046228311787;0.578800875283132;0.166488429450457;0.265409901903328;0.0192660516836169;0.00421981874449236;0.081917522453522;0.140806086840853
Olfactory areas (L);0.264542790470867;0.258151013076886;-0.251986310473509;-0.302529972366241;;;0.16616010293679;-0.152781807571836;-0.0808623929780028;0.102192005492517;0.297421213775205;0.567763410206103;1;0.552920823199716;0.525203051420242;0.513047154781008;0.560717800956474;0.512541560822151;0.511882796203067;0.314445171657991;0.379833656311929;0.392850819162164;0.261488630804866;0.189874139041518;0.371486546453242;0.270334557410422
Olfactory areas (R);0.430149362818321;0.348188258617171;0.00665086091486785;-0.110848781632108;;;0.168016596650927;0.0407808276218567;0.0740769537691097;0.196399918524812;0.304978264447368;0.738606111048641;0.552920823199716;1;0.567193777011673;0.672919562177136;0.57119941439119;0.719997684393353;0.504003871214496;0.586313438240736;0.351003602941629;0.532635051017483;0.209841905546348;0.152093924285825;0.213583974873079;0.231965142182243
Dentate gyrus (L);0.219694241374414;0.221271852410357;-0.387480566019932;-0.391232645475071;;;0.131164479544772;-0.286526756022108;0.0224303889826281;0.214511811663262;0.314036854402523;0.437540359835562;0.525203051420242;0.567193777011673;1;0.781567274842823;0.788059998672594;0.592546679027259;0.760707979402009;0.250466751499749;0.780850525460276;0.521785888402648;0.574152796127792;0.475621909291698;0.555189711400796;0.506403420278521
Dentate gyrus (R);0.303756254054214;0.334071408684942;-0.158158787658811;-0.220177349754489;;;0.257393853877954;-0.0735601511537497;0.0650727117470008;0.214314992326286;0.254774206055215;0.525033171732999;0.513047154781008;0.672919562177136;0.781567274842823;1;0.665349648109879;0.682981426638561;0.669830252194436;0.412220883267548;0.56462457865227;0.556915410592224;0.401917841364126;0.423999267890029;0.501173391143922;0.424356724255743
Subiculum (L);0.253919522181044;0.173065234555926;-0.385892886473355;-0.436666775249186;;;0.17605597468313;-0.282762273024689;0.0337827734767555;0.210664467824335;0.300507057014737;0.436266110830535;0.560717800956474;0.57119941439119;0.788059998672594;0.665349648109879;0.999999999999999;0.685472267383193;0.7537072891423;0.288831840561549;0.694297324776588;0.557100453432921;0.508824099351749;0.41967588035474;0.529860996311593;0.430689582408973
Subiculum (R);0.535134833089634;0.328556698268435;-0.0462031750581057;-0.221762522600399;;;0.156087748327715;0.134065297604495;-0.0374564410169989;0.364469746568183;0.290011600523794;0.639268414054785;0.512541560822151;0.719997684393353;0.592546679027259;0.682981426638561;0.685472267383193;1;0.545617191884882;0.644939757030875;0.30071601728801;0.443579181685198;0.158991009493396;0.136699275610142;0.320009301956417;0.307783477694651
Dorsal hippocampus (L);0.395388355344687;0.304027576260978;-0.174179783439875;-0.232796898628001;;;0.208117636618039;-0.118782593343349;0.0498461817925283;0.130872036200269;0.317587006624523;0.425046228311787;0.511882796203067;0.504003871214496;0.760707979402009;0.669830252194436;0.7537072891423;0.545617191884882;1;0.373295085468787;0.711313400366278;0.464314999122386;0.554341352711243;0.4875186170562;0.521821644341936;0.43136807144128
Dorsal hippocampus (R);0.782965450258957;0.569199909377866;0.52315448530812;0.333514870203994;;;0.339165061817332;0.621267145551076;0.000502767564637375;0.209233242902258;0.161769614976954;0.578800875283132;0.314445171657991;0.586313438240736;0.250466751499749;0.412220883267548;0.288831840561549;0.644939757030875;0.373295085468787;1;0.0266407706698082;0.135760479586718;-0.00676759998579979;-0.0100224193532695;0.0502225583048822;-0.000781988087784647
Ventral hippocampus (L);0.0194893312803843;0.0747909104829621;-0.425148429528693;-0.371528938664136;;;0.072753429626238;-0.438846080637952;0.129982568318366;0.0973643412878445;0.31833103544462;0.166488429450457;0.379833656311929;0.351003602941629;0.780850525460276;0.56462457865227;0.694297324776588;0.30071601728801;0.711313400366278;0.0266407706698082;1;0.473035282801652;0.700319013233693;0.539540274200217;0.636703890538953;0.4556092946578
Ventral hippocampus (R);0.0016771239314807;0.0343620229660216;-0.290519283260851;-0.41298494214945;;;0.0917960776542056;-0.317008886515123;0.0927204488910122;0.176813178156238;0.235315568215726;0.265409901903328;0.392850819162164;0.532635051017483;0.521785888402648;0.556915410592224;0.557100453432921;0.443579181685198;0.464314999122386;0.135760479586718;0.473035282801652;1;0.467348942880875;0.375763169355898;0.367491940858954;0.416574512193422
Substantia nigra, reticular part (L);-0.0251164148886889;0.0817223193245308;-0.32603777769828;-0.290115604650498;;;0.097018921613806;-0.405275574525194;0.0985930502206412;0.0655014496464651;0.200385880941948;0.0192660516836169;0.261488630804866;0.209841905546348;0.574152796127792;0.401917841364126;0.508824099351749;0.158991009493396;0.554341352711243;-0.00676759998579979;0.700319013233693;0.467348942880875;1;0.452626647994132;0.541626198007219;0.386749935860015
Substantia nigra, reticular part (R);-0.0131520005553516;0.156796062210392;-0.215973240590138;-0.179611870120676;;;0.0979871124029331;-0.239941592957964;0.173485694310731;0.0887779271892585;0.244571567941283;0.00421981874449236;0.189874139041518;0.152093924285825;0.475621909291698;0.423999267890029;0.41967588035474;0.136699275610142;0.4875186170562;-0.0100224193532695;0.539540274200217;0.375763169355898;0.452626647994132;1;0.41840017438411;0.557736163947662
Substantia nigra, compact part (L);0.0587903988195946;0.15771935869975;-0.317261214531714;-0.308193334795704;;;0.103714541833593;-0.262723263962892;-0.0380491293897916;0.0870233901639592;0.15212372429331;0.081917522453522;0.371486546453242;0.213583974873079;0.555189711400796;0.501173391143922;0.529860996311593;0.320009301956417;0.521821644341936;0.0502225583048822;0.636703890538953;0.367491940858954;0.541626198007219;0.41840017438411;1;0.291377269283661
Substantia nigra, compact part (R);0.0305665644163591;0.145671846440101;-0.292515757236365;-0.272743678110946;;;0.113986521245735;-0.25455969727007;0.184948214031529;0.13145019032885;0.403217472680525;0.140806086840853;0.270334557410422;0.231965142182243;0.506403420278521;0.424356724255743;0.430689582408973;0.307783477694651;0.43136807144128;-0.000781988087784647;0.4556092946578;0.416574512193422;0.386749935860015;0.557736163947662;0.291377269283661;1
